231.16
210.55
191.22
211.60
267.14
174.93
306.41
254.89
200.02
196.78
184.45
286.04
200.76
192.45
167.95
319.10
153.78
133.06
194.26
149.38
148.87
174.27
213.97
225.65
189.02
224.11
225.61
158.25
259.58
157.45
179.34
221.39
168.11
238.02
214.16
128.71
286.78
206.20
177.82
226.34
184.72
267.49
175.63
158.90
165.35
146.98
144.91
199.06
244.52
61.30
261.66
154.87
170.05
156.34
178.77
195.45
185.97
185.39
182.16
140.41
198.92
238.70
222.67
144.22
122.50
213.71
201.01
289.07
192.86
205.95
186.60
249.63
238.62
147.85
164.29
251.43
154.44
229.95
254.29
162.10
235.42
262.06
200.34
295.95
246.87
172.78
258.06
225.68
174.67
217.10
209.68
279.39
213.35
124.43
287.93
161.84
156.22
189.33
216.83
144.94
219.34
215.38
179.10
275.87
123.16
127.25
328.17
181.46
227.67
220.10
165.65
204.45
170.66
200.65
192.02
248.75
219.64
198.16
198.77
185.85
286.28
257.71
282.25
213.19
206.23
271.07
283.44
156.93
235.32
218.49
129.42
121.21
304.40
215.87
167.53
185.46
127.82
164.07
279.15
209.65
217.79
264.12
263.64
212.53
150.60
273.92
164.57
191.04
212.68
219.31
206.94
247.76
215.69
281.10
338.78
174.31
131.73
141.08
139.79
185.17
250.47
187.84
246.77
215.14
241.64
157.51
187.03
240.54
240.88
301.64
205.42
229.90
224.61
294.50
216.43
218.01
251.49
166.71
175.83
255.24
223.54
158.56
189.81
245.14
217.14
199.16
202.00
198.79
283.31
132.42
230.23
160.30
291.34
235.40
154.56
252.42
223.52
302.35
141.33
267.23
210.20
173.63
215.15
284.64
232.85
301.41
214.56
185.51
230.44
247.71
202.03
272.91
212.36
212.42
246.02
223.00
250.61
207.83
303.42
208.10
234.81
263.29
237.92
123.24
238.89
216.06
254.01
214.53
144.98
270.59
192.72
232.17
283.36
251.88
236.76
218.21
297.58
108.56
203.99
207.48
259.05
279.26
125.43
191.83
268.36
124.37
176.62
98.43
157.62
232.63
279.22
206.36
192.32
179.38
229.05
310.22
135.94
260.98
263.47
184.49
156.70
293.91
232.34
156.70
100.58
86.95
216.50
166.91
245.64
186.93
307.36
146.09
221.66
157.55
209.13
290.69
295.84
346.25
258.47
187.07
237.78
183.98
129.31
199.04
225.30
324.36
202.08
141.18
206.27
248.10
325.86
213.20
264.54
253.82
225.49
212.13
197.26
149.79
159.85
146.67
258.67
141.31
266.78
241.90
253.88
201.10
278.02
136.25
198.08
188.84
104.38
123.55
267.31
150.76
179.79
246.70
212.97
181.22
170.41
140.98
183.76
187.11
278.83
208.64
258.21
169.79
304.89
220.87
200.72
179.70
272.16
164.10
136.54
241.66
218.79
153.39
213.54
182.45
281.86
240.95
209.66
259.87
119.27
241.06
225.19
199.61
202.87
268.45
194.80
301.53
232.51
235.10
236.91
217.94
272.35
207.89
253.07
173.45
151.72
274.75
121.70
213.02
171.83
214.64
299.74
176.57
109.75
135.15
264.39
299.12
327.08
155.26
225.46
236.96
131.60
211.15
240.52
318.80
161.76
199.35
148.87
126.79
244.18
150.81
205.84
290.67
131.98
192.87
263.72
146.06
197.49
188.89
191.18
247.18
233.35
197.48
199.83
120.79
287.90
174.15
218.98
249.95
253.11
276.28
179.60
214.78
251.38
237.97
260.95
209.93
227.11
251.00
220.64
182.42
171.14
237.24
205.18
220.85
153.63
180.03
296.07
182.61
257.68
241.47
154.37
286.24
313.67
201.20
193.75
206.95
233.25
152.90
94.92
255.36
196.36
202.50
206.42
194.19
178.40
231.60
183.84
237.86
211.47
216.56
176.33
188.17
143.32
227.24
218.84
214.32
251.15
267.89
236.62
218.39
254.19
234.73
169.08
153.73
137.55
281.82
232.86
143.81
149.02
103.07
178.79
266.51
255.92
196.82
140.46
270.31
223.53
258.51
195.53
255.29
179.86
282.33
92.66
255.85
141.73
254.40
182.10
240.70
173.99
250.24
231.82
228.85
184.35
204.13
236.11
182.31
260.35
220.53
180.80
210.74
150.49
213.12
189.65
239.01
181.31
253.14
219.93
239.67
223.53
147.99
135.15
271.08
162.60
197.49
235.66
129.18
168.55
191.22
219.43
169.70
234.68
184.74
224.39
238.32
328.72
136.90
211.94
156.12
202.30
280.98
193.77
211.54
193.46
128.57
160.24
132.18
86.91
118.55
229.67
173.29
155.58
235.94
254.13
215.16
265.37
196.19
182.20
254.27
196.48
240.02
188.49
184.53
225.15
252.21
104.54
216.79
163.79
222.83
113.45
211.51
198.75
235.66
248.07
229.65
184.06
213.59
188.20
174.02
166.76
200.56
201.06
201.96
280.28
191.70
183.40
248.18
239.92
199.29
247.04
230.49
214.12
236.93
168.32
131.60
112.11
106.85
145.24
183.27
310.17
250.35
229.24
236.29
256.93
202.04
292.68
282.50
222.84
192.76
221.69
327.68
220.21
199.28
126.92
311.61
173.63
172.01
130.11
252.14
143.07
201.69
237.21
178.91
226.60
228.87
172.09
157.56
134.32
132.23
314.50
244.32
272.99
202.00
196.37
198.97
199.19
171.48
194.28
215.40
258.51
244.40
197.85
218.64
283.04
137.95
265.70
253.79
335.37
269.09
299.91
229.42
172.13
122.47
138.96
154.77
225.50
202.01
153.34
263.97
146.11
180.80
262.37
203.92
242.89
206.34
180.85
135.58
196.89
269.96
115.50
216.28
208.23
187.21
155.55
147.57
270.33
244.74
143.80
236.19
165.00
168.18
220.08
210.76
224.90
246.03
265.65
285.96
256.08
203.98
255.49
161.17
197.04
280.97
227.58
222.78
156.78
165.83
212.98
148.90
180.93
294.32
164.34
197.98
187.56
120.44
285.28
128.23
179.85
151.08
230.82
207.38
237.19
172.88
179.07
284.23
124.46
120.41
169.03
213.04
140.54
153.63
183.42
115.70
235.08
278.40
268.52
297.78
241.15
291.15
177.26
175.97
290.13
296.49
246.03
241.82
176.78
129.11
234.94
209.64
223.22
146.16
139.13
168.45
267.93
202.07
244.69
242.15
204.93
257.77
146.43
184.08
237.78
160.93
176.10
259.07
239.65
166.86
240.85
150.71
169.14
269.14
222.74
223.99
258.93
237.69
138.09
232.59
178.64
280.13
242.38
161.54
139.19
68.12
236.65
260.33
203.65
87.79
224.78
116.06
257.59
148.65
152.89
277.68
256.08
177.75
192.71
222.54
262.34
208.11
250.02
273.32
164.80
167.65
128.67
155.70
143.04
279.55
228.85
194.68
206.75
118.98
238.80
209.65
205.89
222.43
218.06
154.17
195.17
152.90
249.78
114.24
232.31
200.85
261.66
283.09
210.25
284.87
122.75
245.70
176.98
214.21
200.10
193.12
203.32
168.64
185.70
115.88
169.14
171.98
238.24
197.08
218.10
177.35
172.36
204.51
185.24
212.18
231.20
222.18
228.72
148.78
152.11
206.20
151.60
224.46
146.36
89.52
240.09
258.39
229.13
270.92
176.72
210.96
188.57
217.42
74.43
278.64
208.17
199.30
258.62
232.87
162.81
236.72
235.70
183.70
229.08
266.20
238.32
151.80
305.07
269.96
263.41
145.95
274.23
120.50
221.78
233.32
248.09
129.72
197.96
273.81
256.86
279.35
213.76
286.50
196.27
125.30
164.10
115.51
244.18
213.53
194.05
210.38
248.38
208.22
304.74
188.41
173.95
259.85
251.99
276.88
182.25
315.00
207.67
241.15
145.94
168.36
194.28
264.50
223.61
165.85
207.44
190.34
150.03
229.42
261.44
254.53
131.36
161.78
176.23
161.92
266.56
209.65
258.22
270.17
167.54
256.63
201.48
163.26
188.45
267.88
205.55
214.31
175.05
211.55
170.32
173.72
169.48
142.30
201.46
173.20
260.44
210.43
257.67
177.78
83.52
232.99
140.50
197.54
121.98
213.22
213.87
311.20
179.96
143.54
153.89
271.33
203.76
301.06
92.20
214.37
216.29
133.75
215.98
143.74
246.36
219.59
153.02
177.20
178.54
164.73
248.86
297.73
242.16
285.46
209.57
200.79
231.37
173.17
234.27
184.43
207.55
130.43
249.62
248.66
113.30
271.40
123.79
214.23
182.96
260.50
244.36
148.45
201.75
257.50
202.66
137.91
219.98
211.99
239.10
255.29
222.07
128.31
285.81
178.36
189.33
230.54
143.89
107.66
241.62
250.71
167.34
196.75
166.80
172.68
215.61
246.69
229.39
289.79
246.85
235.89
135.64
266.33
261.38
212.50
296.05
264.23
198.61
204.73
290.59
177.11
178.13
186.45
230.75
127.61
169.02
304.40
257.63
270.80
216.38
120.64
170.16
171.27
232.32
242.85
194.87
179.19
191.49
208.58
170.66
102.71
142.09
239.23
187.67
122.87
264.86
116.51
144.73
152.44
280.03
159.01
178.87
184.43
197.66
308.93
144.85
129.87
158.67
207.00
144.42
164.72
117.05
243.79
341.08
197.68
235.98
270.02
159.37
200.45
245.18
169.38
194.54
212.23
217.83
245.79
157.57
268.61
209.60
230.02
183.22
277.58
297.59
95.86
200.87
256.64
191.26
162.95
165.37
162.69
174.53
194.65
155.04
114.01
188.87
231.27
253.70
149.48
251.50
75.27
244.45
308.50
375.02
192.00
156.27
143.90
157.91
135.15
163.77
207.60
254.07
203.24
240.87
185.21
203.61
157.26
232.23
253.65
231.44
192.86
178.19
268.71
176.13
181.87
182.87
260.77
249.58
208.02
235.27
190.43
302.79
172.32
162.01
177.18
279.07
113.63
212.14
247.92
216.26
185.46
344.10
178.85
312.15
155.70
272.06
166.91
222.85
224.31
244.09
189.36
150.80
231.73
155.59
166.34
251.07
134.07
282.14
166.57
156.14
175.35
222.52
215.26
134.39
216.70
182.40
238.87
253.39
192.03
220.92
129.06
190.15
162.46
162.44
92.06
165.61
166.36
169.44
201.84
219.95
133.45
229.82
225.53
294.22
222.38
154.06
147.53
241.74
145.17
199.73
158.92
162.93
138.84
263.29
173.95
189.92
266.97
119.43
294.49
171.69
244.43
153.49
188.55
233.71
178.72
140.53
168.69
260.98
285.15
198.12
247.73
252.40
170.27
260.74
239.38
238.66
145.61
272.69
169.71
198.72
212.74
190.78
249.70
227.68
192.21
227.88
234.16
322.17
268.05
226.12
216.41
181.22
237.29
194.17
238.03
295.83
133.39
244.43
150.20
246.15
184.16
208.97
196.74
91.78
183.37
248.38
184.11
226.46
192.25
235.54
279.95
199.90
108.81
264.51
252.78
213.68
141.90
119.09
143.52
252.77
239.82
178.48
267.79
207.04
202.66
130.94
321.61
204.96
200.18
186.03
253.38
210.92
197.74
238.67
179.37
204.61
215.67
230.50
157.83
184.46
253.78
258.55
245.62
138.55
124.11
272.56
253.74
176.37
241.14
263.03
217.39
186.04
106.32
173.77
175.39
165.88
182.14
153.02
204.71
167.82
218.90
152.08
163.13
131.29
130.63
164.23
187.97
165.91
188.37
204.32
172.80
246.74
255.75
230.71
169.14
211.54
302.68
165.59
240.56
157.29
150.65
183.72
200.64
170.69
185.40
161.35
199.71
290.23
279.22
165.13
194.29
283.29
92.36
187.91
220.64
208.35
261.17
148.53
199.84
169.82
172.61
249.70
207.97
251.86
147.96
190.09
282.87
166.02
163.09
202.84
216.26
181.36
113.66
235.77
290.86
208.90
280.10
156.36
239.88
261.18
197.32
166.10
284.41
202.36
265.72
239.79
160.85
143.97
187.62
121.19
214.66
172.86
231.41
290.17
129.32
295.55
249.35
136.26
187.39
290.68
148.08
158.30
102.49
197.03
251.94
256.51
168.92
165.25
253.19
236.09
132.33
222.77
271.69
74.44
186.17
225.43
294.27
257.04
284.87
123.53
289.33
150.34
307.46
216.18
142.47
236.66
158.55
155.33
232.44
251.94
199.47
166.73
252.14
146.98
186.92
296.33
280.30
185.62
217.57
296.65
259.22
141.20
212.40
195.12
248.69
223.59
294.40
359.58
186.93
190.34
268.04
169.87
146.40
239.33
83.67
177.61
138.05
217.12
215.00
161.86
192.33
193.55
239.69
180.74
230.63
283.98
122.88
214.13
131.53
259.73
188.73
226.55
250.99
177.63
216.20
292.50
175.72
247.72
305.24
291.57
215.30
154.32
201.25
228.00
132.36
208.53
264.12
193.35
204.30
230.18
188.54
152.54
182.10
272.97
319.58
248.84
316.72
222.80
264.64
328.14
214.62
220.29
237.17
220.54
209.12
137.03
252.58
163.81
253.68
288.32
242.89
236.15
280.81
88.84
247.70
198.44
185.33
254.95
231.38
267.82
262.09
170.73
269.97
129.76
178.04
288.64
249.89
174.66
321.58
204.33
184.14
258.95
174.65
160.32
186.74
148.23
265.09
148.49
156.04
209.78
213.33
236.97
254.37
161.49
199.66
297.33
160.30
251.14
177.06
208.33
139.43
258.69
198.64
206.23
143.96
175.86
232.31
191.87
202.34
117.23
275.82
196.05
195.88
281.52
149.16
192.95
283.06
205.75
277.13
179.89
173.32
244.99
201.02
231.91
90.32
210.65
256.27
292.56
228.11
141.85
274.83
279.67
280.40
176.54
198.47
237.98
206.71
188.20
309.61
195.54
287.54
188.92
106.87
262.03
261.51
271.09
151.28
263.15
242.94
208.18
158.44
170.21
198.33
250.69
189.67
331.46
248.37
282.25
143.91
203.35
242.29
225.74
91.88
219.75
179.35
240.35
213.02
130.13
216.93
157.90
164.46
179.91
227.90
246.11
175.42
194.92
300.94
141.14
169.65
179.91
148.69
289.99
123.25
277.61
111.89
148.18
118.01
125.03
154.31
264.59
105.60
250.33
212.50
155.23
175.65
160.18
98.79
258.83
194.83
214.17
282.60
176.50
124.29
185.42
187.78
222.65
251.98
210.90
159.63
157.52
149.61
224.76
150.82
150.34
213.68
239.39
150.04
228.62
218.69
147.08
179.52
182.53
276.17
131.67
194.76
219.96
179.00
261.35
249.55
245.94
203.99
312.93
220.80
165.23
248.96
175.54
217.48
144.01
213.63
193.64
171.98
227.23
249.34
128.45
121.11
216.45
300.35
211.47
179.98
215.19
213.93
142.68
152.78
165.54
170.14
146.38
162.42
265.59
203.26
227.81
170.88
166.66
229.35
183.51
236.52
154.52
143.72
208.19
197.52
160.60
278.70
147.94
225.84
199.01
292.98
169.65
175.31
283.28
262.88
267.19
198.71
210.72
181.06
275.15
197.77
248.49
235.57
265.31
266.09
261.46
259.22
314.02
236.52
188.87
252.06
214.09
182.86
220.29
245.25
248.26
76.70
188.57
198.15
93.62
166.99
159.52
169.37
243.63
261.18
224.34
222.15
255.11
218.59
212.94
280.21
124.21
286.78
209.12
136.62
155.10
172.21
163.57
285.12
126.15
159.54
234.01
225.94
248.55
235.13
237.71
169.06
93.14
213.17
192.52
198.56
136.04
175.18
190.12
147.99
211.18
268.77
308.85
253.29
197.10
264.27
121.67
156.42
192.80
241.18
182.96
240.94
226.69
177.85
269.06
216.36
139.17
143.98
174.35
181.29
244.20
177.41
210.67
246.29
174.99
238.02
271.00
188.72
235.82
208.44
248.61
204.10
206.26
251.96
261.14
109.24
212.41
200.37
135.06
266.30
218.14
95.35
158.45
215.29
229.61
208.51
278.95
144.75
154.90
195.67
155.46
169.32
302.19
235.06
215.91
250.54
223.10
180.06
195.99
232.73
190.45
174.92
260.05
202.89
184.69
278.75
168.31
177.26
244.70
105.93
203.04
275.35
277.35
220.63
192.59
221.76
179.03
260.82
198.02
266.06
177.06
187.75
257.68
228.89
148.58
124.75
188.36
195.34
211.29
219.24
244.09
250.17
194.96
218.52
265.59
249.66
263.52
174.54
221.68
199.06
139.55
207.76
309.75
243.66
237.46
192.34
271.98
214.52
250.26
249.68
155.45
268.37
199.08
295.81
158.24
202.84
221.20
224.80
148.04
289.90
204.43
194.19
187.89
264.93
225.73
196.20
305.78
248.68
226.78
160.12
323.60
199.27
246.55
209.74
242.00
196.77
197.01
216.24
254.80
275.54
251.47
229.83
170.31
174.08
188.81
295.79
289.05
166.15
270.48
256.97
250.79
113.12
295.10
121.68
141.85
223.63
241.06
200.00
270.88
241.17
244.30
141.36
193.24
254.10
129.23
193.22
218.14
272.69
206.92
249.75
104.87
189.74
243.06
183.46
293.19
168.58
194.71
306.20
233.69
181.70
257.35
204.01
148.36
211.17
282.91
259.33
244.57
257.68
280.99
259.58
230.68
247.10
142.54
263.38
203.81
194.34
212.42
213.80
182.91
247.82
141.97
285.20
256.34
262.93
249.72
242.92
219.63
262.86
272.41
168.87
186.56
122.99
184.44
255.49
264.93
255.30
194.13
208.74
191.16
251.47
204.37
224.48
263.75
129.71
255.33
256.91
208.11
213.04
174.13
148.67
296.25
269.63
179.99
290.64
181.06
231.61
228.59
279.57
262.30
82.70
