260.01
199.11
200.58
247.82
259.48
177.63
304.92
240.67
270.23
211.45
198.60
273.35
195.30
217.31
172.23
280.06
181.95
180.01
211.60
223.68
195.46
179.60
215.92
239.15
206.37
237.74
247.14
196.11
270.62
230.60
185.83
242.89
208.33
265.99
233.82
166.61
278.35
247.81
213.57
265.56
172.37
277.11
200.68
205.58
228.22
87.18
190.74
204.79
284.85
136.55
288.77
155.77
179.39
237.12
188.93
201.95
227.99
187.11
231.44
153.85
218.64
269.37
260.72
209.36
184.45
219.70
195.39
276.34
241.05
235.64
249.96
256.43
219.00
174.79
254.04
276.43
256.11
276.58
303.80
183.83
281.16
284.88
227.97
290.12
252.77
147.33
265.67
246.56
179.55
241.86
206.99
301.53
237.14
162.33
274.86
214.41
196.93
222.38
239.14
178.18
229.61
249.21
175.27
297.19
172.46
148.81
313.60
236.86
236.73
191.52
209.85
226.39
172.28
263.36
173.95
261.28
229.34
217.59
259.07
197.90
281.14
287.32
318.29
214.25
257.78
248.93
273.27
182.05
268.17
263.23
133.90
156.08
315.61
238.73
188.49
209.23
179.56
194.11
225.25
225.30
222.75
239.23
261.47
257.50
138.00
262.50
203.06
269.84
245.68
223.90
233.92
268.23
239.04
279.81
304.44
206.41
181.17
250.27
150.31
193.48
293.32
175.52
270.23
240.46
223.08
196.77
204.42
251.07
226.78
296.89
219.05
262.93
286.34
276.88
195.03
256.83
260.45
194.89
161.39
287.63
262.11
198.86
282.46
283.93
221.14
174.71
220.23
203.82
286.87
197.19
255.83
201.64
307.92
251.28
188.05
271.44
219.60
299.93
204.59
256.92
254.07
175.28
219.11
313.90
268.34
296.72
252.50
228.43
226.01
269.30
219.08
250.89
202.74
257.97
242.06
256.59
284.82
235.58
305.62
214.81
226.57
266.11
252.91
190.14
251.14
221.50
251.38
181.22
193.70
279.15
245.52
273.44
288.11
262.88
238.32
230.16
314.94
137.06
239.67
202.00
255.79
298.39
101.00
264.31
228.94
164.03
186.16
124.75
155.56
227.22
284.43
239.20
211.28
206.10
258.14
288.57
224.08
253.79
270.23
196.71
183.97
300.14
227.58
181.19
151.87
134.96
274.21
215.48
263.79
166.29
303.15
205.94
271.54
208.08
218.67
308.12
293.23
334.86
240.21
221.00
239.61
212.02
142.54
220.84
244.76
284.12
225.05
172.47
214.93
264.26
338.31
248.55
308.04
271.05
224.26
219.56
229.75
159.52
222.36
226.27
285.11
199.95
228.74
281.44
252.01
234.15
302.54
146.17
228.48
152.05
150.02
207.02
271.11
141.54
211.07
244.12
198.51
251.85
182.02
170.31
181.59
227.99
277.84
239.52
264.05
226.87
316.48
210.17
212.78
148.55
278.43
211.54
168.95
257.56
287.46
95.38
187.77
188.70
261.24
267.69
193.92
324.20
160.92
238.96
245.95
158.11
224.15
213.04
239.98
269.12
248.34
289.26
270.86
249.10
267.70
169.93
285.53
183.26
89.96
281.26
146.12
215.03
129.07
243.53
305.15
188.97
150.04
155.39
272.92
295.85
311.66
253.08
228.89
242.45
218.35
208.92
217.85
319.17
153.23
192.62
177.16
220.62
255.52
197.87
280.36
268.51
117.01
235.27
271.24
239.24
207.52
185.73
225.78
261.64
256.18
213.86
249.40
174.92
235.01
185.39
257.95
259.40
279.27
288.62
215.08
233.51
251.73
245.90
276.27
200.45
247.30
246.74
239.06
184.36
171.89
270.51
268.10
220.96
192.33
192.40
292.11
264.63
274.87
250.35
146.61
277.70
277.83
196.38
147.35
209.61
263.89
198.03
125.01
273.14
237.59
219.34
212.57
188.31
251.99
228.48
230.21
211.33
177.37
252.25
228.41
255.59
170.74
205.66
228.43
226.00
291.33
278.25
229.27
225.69
274.73
205.79
187.79
165.30
210.31
287.30
224.16
174.53
221.34
159.05
195.34
272.13
323.41
270.67
172.97
263.92
203.40
247.65
230.89
288.64
219.93
253.45
176.94
268.67
226.44
272.87
243.71
264.51
120.95
254.53
241.41
251.77
185.41
238.63
247.84
210.75
243.81
242.45
212.25
209.71
176.08
205.38
227.87
201.12
168.48
258.73
221.22
282.21
244.32
183.76
127.88
258.90
138.38
218.56
242.51
125.50
254.57
238.56
236.00
263.22
235.73
212.44
234.04
260.70
344.04
166.84
248.20
217.60
201.65
310.01
249.24
252.80
234.92
161.79
226.99
167.77
141.90
183.53
262.85
149.39
196.44
265.25
234.07
237.27
254.17
246.66
273.93
244.68
285.52
220.90
216.84
210.02
273.57
275.10
174.48
254.07
214.79
244.00
176.00
284.22
243.39
217.14
278.15
255.47
200.06
265.29
277.27
193.30
254.46
242.01
185.07
225.17
290.71
206.96
223.95
265.26
264.82
209.16
237.16
234.51
266.60
239.26
199.72
119.74
116.59
121.74
201.57
227.26
335.51
268.11
271.54
232.63
268.90
209.31
310.91
292.94
251.25
156.36
270.13
305.67
258.05
228.52
135.41
277.64
248.26
196.05
177.90
230.80
268.50
207.60
244.73
181.87
235.43
226.76
192.94
196.29
178.47
225.80
325.85
251.64
301.67
212.94
251.42
229.16
215.38
204.66
203.48
244.40
282.97
254.77
251.31
234.48
284.73
147.46
224.13
256.82
324.76
269.22
294.81
258.44
182.97
121.23
178.27
170.45
237.06
196.74
184.68
283.98
196.11
212.03
325.21
248.47
266.06
272.76
157.98
157.19
123.16
279.93
162.33
246.95
261.58
198.74
164.47
210.80
249.96
252.31
171.76
261.08
188.45
138.89
285.33
237.20
291.79
251.52
297.77
274.97
278.01
224.30
256.11
213.59
230.01
274.89
227.79
264.61
162.84
195.43
225.20
184.75
201.24
320.77
191.83
153.70
204.88
93.27
292.09
169.26
225.27
162.55
281.70
259.70
284.42
186.80
210.73
243.77
129.19
172.83
213.42
294.91
191.25
116.72
251.21
106.02
261.49
278.13
253.75
300.57
279.01
307.54
188.20
202.91
292.21
295.61
225.68
236.21
136.23
181.55
260.72
217.71
283.56
185.67
187.33
162.96
268.67
210.49
281.50
255.53
210.73
242.00
184.41
145.77
249.22
211.22
197.86
282.40
301.39
217.96
246.20
231.88
189.85
292.15
251.31
270.30
267.13
263.78
163.84
232.32
237.84
282.15
274.58
176.29
189.28
102.89
276.16
253.25
254.45
119.37
236.61
165.31
264.18
223.14
163.70
292.40
255.58
218.64
138.76
231.48
285.28
275.23
248.88
272.77
198.59
184.91
186.68
180.59
109.43
262.36
227.53
216.40
243.96
123.68
262.54
232.63
228.94
233.11
229.15
106.82
229.27
193.31
286.39
152.70
267.02
210.92
268.50
329.63
231.87
281.27
220.34
227.78
170.51
244.82
227.90
220.23
253.86
235.20
196.15
182.39
234.72
236.06
241.91
237.15
228.60
233.88
204.81
239.69
195.57
257.03
220.67
262.33
276.99
159.47
154.89
250.99
231.95
250.51
155.80
132.43
249.52
267.18
240.93
257.26
191.10
244.73
223.46
248.42
125.26
279.95
235.33
270.85
259.71
284.53
203.43
269.32
207.59
152.45
219.10
279.18
240.81
134.72
309.92
282.31
265.52
111.07
234.55
159.03
248.24
235.79
264.01
163.39
265.12
227.24
260.90
306.09
230.09
258.00
191.48
148.13
240.01
143.61
251.13
250.11
212.22
262.48
265.72
216.06
314.05
256.24
182.98
271.88
298.24
248.18
209.96
287.02
225.49
272.39
176.02
193.99
290.59
289.34
228.97
208.34
202.80
226.10
166.15
275.37
308.55
264.04
201.28
183.03
208.98
175.58
285.00
224.37
260.52
272.02
104.64
273.46
251.24
169.75
184.68
272.07
177.67
238.15
189.29
260.39
159.95
206.29
204.37
186.67
212.45
220.46
268.82
198.39
265.29
184.02
125.68
281.20
166.14
213.43
161.82
222.33
275.86
267.62
245.00
117.32
158.31
292.42
257.11
299.00
164.87
245.33
236.31
174.82
253.07
196.18
264.12
261.71
199.82
167.19
247.10
251.27
253.60
268.01
226.03
277.66
254.26
237.62
221.63
217.45
269.13
174.33
241.24
170.46
269.31
270.72
140.27
292.30
129.89
204.72
218.89
258.68
267.13
159.27
228.69
285.57
271.87
153.44
239.10
266.13
239.94
268.80
223.03
182.53
272.33
204.50
184.86
251.86
195.18
193.83
231.61
254.75
209.24
221.93
226.88
236.83
187.03
274.78
256.46
251.47
247.77
236.13
125.65
285.66
261.20
223.08
292.10
292.71
253.49
259.70
319.50
198.53
202.74
209.97
222.93
147.28
182.01
280.68
292.55
287.28
251.27
158.93
214.42
220.89
249.50
267.54
198.79
210.89
229.49
234.95
199.79
137.57
133.63
217.26
211.44
203.91
259.00
151.44
164.22
198.72
285.16
150.50
233.74
198.88
243.15
327.94
155.87
133.49
219.57
239.55
247.24
148.12
130.30
251.09
328.35
234.97
293.57
260.55
202.30
219.28
270.07
177.23
207.55
238.30
221.52
239.45
210.74
287.33
241.30
201.07
216.57
237.10
274.45
168.53
262.61
245.29
244.60
185.67
191.77
212.35
245.97
220.38
108.88
74.74
191.82
245.26
238.30
175.13
230.03
103.95
263.83
307.01
329.58
221.15
177.61
210.69
199.35
136.51
181.16
210.32
276.59
249.88
221.25
177.56
229.99
251.62
223.69
255.95
261.13
233.75
182.58
253.02
217.53
191.73
221.67
267.94
244.69
238.17
247.19
229.38
296.92
176.65
185.92
236.62
255.77
121.48
247.45
252.45
196.75
209.49
273.08
150.22
292.86
185.63
282.66
182.63
228.79
235.79
265.02
212.15
175.19
248.41
173.41
158.13
213.30
161.06
287.86
238.55
180.44
200.24
209.99
248.69
194.87
200.28
212.92
274.77
258.80
252.12
238.85
181.99
167.53
208.55
198.62
138.25
265.45
151.09
166.62
227.16
277.48
179.15
229.82
225.78
291.18
257.31
182.37
165.58
216.82
200.04
204.21
185.58
203.57
127.40
253.71
242.53
216.46
259.56
173.09
291.53
262.46
233.26
263.90
198.96
257.95
202.26
157.23
269.96
283.95
289.74
188.63
257.79
269.71
214.24
257.04
262.29
292.95
191.31
276.33
237.65
244.35
225.51
200.32
250.66
270.13
255.08
201.69
204.09
310.44
247.76
252.68
221.28
206.89
272.91
204.46
269.03
283.28
196.70
243.64
212.80
257.88
223.18
273.76
220.54
173.89
183.73
278.24
253.12
248.16
240.78
235.64
287.09
272.57
140.88
242.90
294.69
199.28
109.37
186.43
162.56
264.14
242.55
210.48
299.43
198.38
217.26
146.65
305.92
198.04
282.36
185.50
266.15
229.75
204.35
267.63
141.68
231.33
238.78
250.69
213.46
208.87
279.22
273.50
248.32
185.19
167.88
299.42
261.65
173.90
247.95
261.17
249.06
246.80
146.89
197.44
190.45
214.42
192.36
196.91
187.62
228.46
250.23
193.36
174.19
152.88
126.01
193.85
244.68
206.59
258.00
191.97
205.95
256.19
253.30
288.61
216.24
257.76
306.34
212.82
253.70
195.00
227.97
270.50
218.57
129.70
220.67
178.68
211.29
316.53
297.42
143.57
224.38
263.88
171.82
225.28
270.05
206.74
267.70
137.47
232.56
161.48
169.25
268.04
224.53
244.47
222.67
242.30
281.70
210.78
191.90
204.84
231.73
249.06
139.93
244.75
297.23
248.86
299.74
153.26
254.88
246.04
228.65
219.97
274.39
268.29
259.00
252.87
201.39
181.07
179.00
78.26
226.11
189.25
243.43
264.10
173.98
275.84
213.41
131.47
239.11
296.87
152.59
203.80
130.15
253.92
262.51
288.26
241.82
195.09
273.07
278.83
163.25
245.99
294.68
124.94
193.81
246.88
288.01
270.40
300.02
167.33
298.45
148.40
285.92
225.14
142.05
266.32
144.46
128.88
159.33
224.98
247.06
208.07
254.67
130.16
194.23
258.46
279.47
193.41
255.07
317.69
268.21
137.61
211.97
212.59
254.62
216.84
298.21
358.56
200.95
239.55
290.70
196.76
153.69
219.84
120.58
182.87
135.59
250.67
218.74
154.97
223.84
229.37
259.23
196.71
265.24
289.34
155.65
266.48
158.34
264.45
246.59
278.12
276.45
165.52
271.15
290.05
175.19
224.65
300.35
288.60
224.05
139.25
264.81
239.38
185.32
221.32
256.53
247.66
258.27
240.51
189.76
196.77
201.30
283.48
302.79
267.09
294.84
213.12
275.43
305.11
277.62
244.47
256.40
259.09
217.71
168.66
277.35
217.88
271.20
284.69
287.64
302.32
277.73
110.17
286.09
231.15
253.30
262.34
258.15
299.92
262.91
226.97
249.32
171.90
220.63
289.63
245.14
240.09
291.07
226.24
205.02
259.29
183.87
151.01
198.45
227.39
252.73
132.37
190.11
234.18
230.15
265.20
254.22
189.73
196.57
295.13
202.30
266.32
228.04
209.88
159.76
266.38
225.69
260.63
154.04
197.73
240.20
192.77
249.16
137.20
261.56
226.31
237.91
272.32
183.43
225.92
298.87
224.18
305.46
216.54
225.45
261.37
195.12
241.01
123.20
234.91
276.31
298.91
239.87
217.12
273.55
276.68
287.23
241.94
148.79
252.99
215.50
177.19
303.14
221.47
286.53
167.00
126.03
251.52
260.42
325.71
230.09
262.78
229.31
225.68
259.29
203.22
263.85
259.79
240.93
303.90
269.75
260.13
163.92
216.94
242.23
211.93
110.14
253.64
162.07
260.66
244.01
222.44
198.47
190.40
204.09
229.94
244.63
261.21
244.44
241.79
289.69
164.52
219.79
221.77
201.52
285.33
145.23
280.85
168.00
194.76
139.50
189.13
214.45
260.14
164.14
233.82
219.19
126.36
186.50
164.49
125.22
257.87
256.04
272.57
271.00
184.96
173.09
258.70
189.74
228.86
234.79
247.60
167.08
218.40
214.92
241.91
176.37
166.27
288.41
238.21
192.46
257.68
242.65
179.53
242.27
211.45
298.64
120.24
165.26
203.95
238.79
266.43
244.36
258.53
220.75
322.00
197.63
176.07
241.13
256.82
269.05
130.24
188.57
216.10
199.36
248.17
230.63
199.33
185.76
249.02
296.16
250.19
218.44
197.70
181.64
148.57
195.51
209.76
234.18
190.28
211.07
307.50
230.06
244.01
245.10
163.34
266.14
236.21
230.16
175.80
136.67
215.10
265.91
186.53
277.20
187.68
264.00
193.75
317.24
132.04
202.44
260.15
256.10
272.55
161.67
178.43
211.06
294.41
231.19
253.56
220.87
251.76
287.63
283.86
311.26
255.30
258.43
271.92
270.42
238.91
244.43
273.79
225.83
235.94
134.84
165.03
239.51
149.54
186.13
149.80
249.33
225.52
257.42
267.93
226.10
258.28
243.24
214.79
289.53
137.47
257.72
215.87
226.40
152.66
238.40
156.49
284.35
137.11
199.12
248.20
211.01
310.09
224.54
263.28
228.81
131.89
237.27
231.09
206.98
136.39
262.80
248.23
221.44
270.20
265.66
315.91
271.16
245.42
231.24
140.23
199.81
244.88
249.97
187.07
257.75
257.16
202.84
259.42
200.24
180.07
176.61
193.64
203.74
277.41
160.53
269.64
238.55
255.74
244.21
301.87
226.98
228.76
249.37
277.86
236.79
258.51
268.04
258.73
160.53
221.03
253.69
165.07
289.32
259.31
125.96
141.44
241.27
244.04
235.56
277.01
163.05
194.18
211.11
222.53
181.16
270.59
241.64
230.30
255.06
276.85
245.54
230.38
270.25
225.70
159.02
261.08
238.79
222.69
245.20
215.18
165.66
226.16
188.44
236.41
295.26
280.12
225.95
215.64
225.52
223.37
263.54
242.58
244.02
209.65
231.73
237.48
247.11
220.00
148.15
220.47
260.81
255.83
224.42
231.86
296.30
211.19
260.74
271.31
278.14
292.13
138.73
215.20
218.26
167.19
240.50
310.10
261.66
243.08
223.99
281.55
209.70
252.92
220.26
220.51
274.00
205.08
285.67
218.45
211.39
245.90
248.89
165.44
302.63
238.47
208.50
200.74
242.01
263.30
244.78
310.70
225.40
206.64
189.76
319.19
254.48
271.96
230.30
246.99
224.93
244.81
254.99
266.15
275.24
250.88
243.80
137.02
191.24
218.53
289.77
264.91
185.19
252.65
233.41
261.63
171.10
303.90
187.09
174.15
219.31
235.51
210.54
279.86
268.65
265.45
202.07
213.74
245.81
128.11
238.02
246.56
281.34
221.41
255.85
151.64
185.41
258.97
208.07
292.53
223.84
252.58
310.07
237.84
241.94
254.15
260.57
158.87
241.06
258.59
267.96
237.13
308.10
296.49
318.73
258.28
274.09
187.48
266.90
221.96
265.59
197.53
242.74
261.78
225.07
204.92
288.27
249.81
243.76
244.00
239.49
240.12
267.92
251.86
238.68
179.70
180.79
211.11
268.39
258.31
278.58
223.58
265.82
246.99
262.38
224.99
262.32
270.72
137.64
258.77
275.76
171.75
206.93
142.46
174.77
297.35
271.10
117.16
280.96
202.20
252.66
239.49
286.69
283.16
144.07

