3211 
1932 
2646 
6877 
1533 
2002 
2944 
7253 
0 
806 
6112 
3480 
1182 
579 
256 
7229 
2280 
6475 
136 
2003 
1850 
275 
7017 
5319 
1182 
3198 
3658 
1317 
2435 
4226 
5355 
1518 
4754 
2485 
6877 
1182 
1237 
406 
1317 
5319 
7229 
1850 
5863 
5544 
6877 
1518 
7316 
5300 
5863 
457 
6965 
2280 
1917 
828 
7017 
4220 
6003 
3006 
7638 
1555 
2646 
2280 
3211 
806 
7017 
806 
5670 
4994 
1237 
5922 
6475 
0 
4308 
1518 
6965 
1317 
4226 
6965 
406 
4648 
5766 
7611 
7462 
1002 
1518 
2944 
2742 
3658 
2944 
5226 
6877 
5432 
4798 
1182 
1182 
1555 
5226 
1182 
7253 
3211 
4648 
4815 
4226 
456 
3480 
1182 
7598 
2485 
4648 
4308 
5226 
2775 
4935 
5226 
5766 
5319 
462 
7183 
5432 
2280 
7746 
7017 
6268 
4308 
4798 
7462 
2280 
3211 
7086 
7086 
5427 
1182 
5670 
406 
256 
3762 
1415 
4754 
2775 
5226 
6475 
1881 
4648 
1182 
1932 
2485 
4817 
4308 
3720 
7462 
1182 
3762 
5670 
6877 
2944 
5766 
3605 
6003 
5544 
2742 
1932 
3480 
5544 
7316 
5544 
7017 
5925 
5670 
2485 
579 
5766 
5670 
7462 
4798 
2435 
5170 
1317 
275 
2742 
406 
5223 
6965 
457 
5226 
4754 
4308 
4648 
5427 
1002 
1182 
7086 
1415 
3480 
2485 
4226 
1415 
7316 
3205 
3605 
5544 
4648 
275 
3605 
1182 
5355 
6475 
5766 
2775 
2718 
4754 
2280 
3211 
6965 
3006 
1555 
2280 
5432 
1917 
579 
136 
7183 
5925 
4935 
275 
1850 
5544 
4308 
7183 
2280 
5766 
5427 
1629 
5829 
1182 
4308 
6112 
275 
2435 
579 
1533 
4195 
579 
806 
7638 
2485 
3605 
3006 
1555 
5670 
5544 
1182 
4226 
256 
6965 
4226 
2944 
1002 
3211 
7611 
1533 
3480 
2646 
5319 
1415 
1182 
456 
1533 
4226 
6965 
2002 
6877 
2435 
5670 
7017 
256 
456 
1182 
4935 
4817 
4935 
2646 
806 
1002 
1182 
136 
4817 
2003 
7086 
3605 
5432 
5170 
5925 
6475 
4768 
7598 
3658 
1002 
1533 
5223 
2003 
4994 
2003 
462 
7462 
275 
406 
1415 
1881 
4308 
5766 
3198 
6112 
3605 
4308 
3658 
5670 
7183 
0 
2775 
5766 
1881 
7017 
3211 
6877 
1881 
4648 
4994 
5766 
5223 
1415 
806 
5226 
7086 
5355 
5544 
2718 
1002 
2258 
5544 
5925 
2003 
5432 
5766 
1317 
4308 
256 
5300 
1555 
5670 
5432 
5829 
6965 
5670 
2646 
1850 
3605 
7598 
3480 
275 
579 
6877 
7316 
2280 
5300 
5925 
3480 
6003 
4220 
6003 
4994 
7462 
256 
4754 
806 
1917 
275 
4994 
7434 
7229 
2646 
1002 
4308 
7611 
3198 
1533 
6475 
4308 
7316 
579 
7017 
3006 
456 
462 
2002 
7115 
1182 
1533 
5432 
6112 
456 
1002 
3480 
5670 
2944 
5925 
136 
2646 
7017 
0 
2646 
6003 
406 
6112 
7086 
1182 
7229 
5355 
5670 
1237 
6965 
6475 
2646 
5925 
1317 
7638 
2646 
3211 
5829 
1415 
7434 
7316 
1002 
5766 
4768 
3211 
5427 
5319 
3762 
5925 
256 
3480 
4648 
2646 
2003 
3658 
5319 
2435 
5432 
6112 
1382 
7746 
7462 
5670 
6877 
6475 
3658 
3726 
6268 
6965 
4308 
5766 
2003 
3762 
1182 
828 
1317 
3762 
7086 
5766 
275 
4935 
7253 
6877 
1002 
4220 
1518 
3762 
2718 
7316 
5925 
1629 
4648 
4798 
6475 
5544 
1932 
406 
5766 
5544 
6877 
6965 
6965 
4226 
7638 
5300 
1382 
4308 
275 
275 
3006 
5670 
7462 
1850 
6112 
1002 
5300 
1317 
7462 
7115 
3198 
3605 
5544 
4308 
275 
7638 
5300 
4648 
7183 
1384 
136 
2280 
5432 
6112 
4226 
3762 
256 
5670 
6965 
4226 
5544 
7017 
1555 
1518 
462 
4648 
5427 
4648 
6640 
5170 
3211 
5223 
6640 
7638 
275 
3006 
5319 
5544 
0 
5319 
2718 
2485 
3720 
5355 
3006 
579 
7253 
3605 
275 
5170 
4994 
5925 
4308 
456 
5670 
4935 
7611 
0 
3762 
2003 
5544 
1850 
1237 
4754 
2944 
4648 
6877 
1002 
2280 
3198 
7229 
2944 
2280 
2435 
1002 
5223 
2280 
1237 
4754 
5300 
2002 
3211 
1182 
7434 
5226 
5670 
2280 
2002 
4220 
579 
6268 
1881 
3726 
2775 
1555 
1237 
2280 
5670 
4308 
5355 
5863 
6965 
1555 
3211 
2646 
3211 
136 
5829 
5766 
3658 
6877 
3480 
3658 
2646 
6112 
1518 
2944 
256 
3480 
1002 
4195 
5829 
7183 
7462 
462 
1917 
4308 
1384 
806 
5922 
5170 
1518 
1850 
828 
4308 
4308 
6475 
1932 
275 
275 
3658 
6857 
6112 
2003 
3726 
2646 
4798 
2646 
5319 
462 
5427 
4935 
1182 
256 
6965 
5544 
1518 
5766 
7253 
828 
2280 
3211 
7462 
5355 
3480 
2718 
1237 
7017 
2280 
1932 
3762 
1182 
4768 
1555 
3762 
3480 
7183 
7434 
5863 
5223 
806 
7017 
2775 
1397 
5300 
5170 
3605 
1002 
3658 
4220 
7017 
828 
579 
2280 
6965 
3762 
275 
256 
4226 
2280 
0 
462 
3480 
806 
7434 
1415 
456 
3198 
256 
7017 
1182 
2646 
6965 
5319 
1533 
4226 
1002 
0 
5223 
5170 
462 
1555 
828 
5300 
462 
4220 
4935 
828 
7017 
275 
1518 
2646 
5300 
6965 
3720 
7017 
462 
5829 
5319 
6640 
3720 
7316 
5670 
1002 
1518 
1850 
1182 
5925 
7462 
406 
6965 
0 
6003 
7017 
6965 
5226 
1237 
2775 
1850 
1415 
2718 
4648 
5432 
5355 
2280 
3726 
3605 
1002 
5300 
462 
4308 
4308 
7746 
4817 
3480 
1002 
5544 
3211 
7316 
7638 
6640 
5319 
4195 
3658 
806 
6112 
1182 
4226 
4226 
3605 
275 
5319 
275 
5170 
7183 
275 
5829 
7115 
1518 
7253 
3211 
5925 
4648 
2742 
6965 
275 
1182 
1182 
1850 
1182 
6965 
0 
7462 
275 
828 
2002 
0 
2154 
457 
0 
4754 
2280 
2485 
5544 
5300 
1182 
5319 
4308 
7638 
1317 
1881 
7017 
2775 
7017 
5670 
1932 
136 
5766 
3198 
7253 
7316 
2742 
7316 
1629 
1317 
1002 
7253 
1917 
3198 
1533 
1182 
4308 
1002 
1518 
1182 
4308 
5766 
4935 
1317 
7638 
6965 
1518 
806 
4768 
2646 
4226 
3605 
2742 
462 
4226 
2775 
1317 
4648 
456 
828 
5922 
7253 
5355 
828 
1533 
579 
2154 
3605 
5925 
3211 
5670 
1881 
5544 
1932 
3480 
3762 
806 
5863 
2646 
1850 
256 
6112 
5829 
136 
3658 
1182 
4768 
806 
3720 
6268 
5670 
4308 
406 
806 
3720 
4220 
5226 
4754 
2718 
5766 
136 
5170 
5925 
7017 
5544 
1382 
4195 
2280 
5300 
3605 
5925 
1182 
3480 
6003 
4226 
1397 
2742 
2646 
5355 
1182 
7316 
1881 
7746 
5427 
5300 
1002 
2775 
5925 
406 
5766 
462 
1850 
5670 
5226 
7086 
1850 
0 
4768 
799 
5925 
406 
3198 
5544 
2646 
1182 
1397 
5766 
1881 
5544 
136 
406 
2003 
2646 
579 
5226 
5544 
3720 
4648 
1317 
5925 
7086 
5766 
4648 
4754 
3605 
7746 
1881 
5319 
6475 
7638 
4648 
6003 
1932 
6965 
1850 
256 
5226 
2944 
5223 
275 
7746 
1555 
5829 
5544 
4935 
6268 
1555 
7253 
1182 
4195 
6112 
4935 
3480 
1533 
1002 
1182 
5319 
1182 
1182 
2435 
5766 
6475 
4648 
3480 
5226 
2003 
136 
5925 
6857 
1555 
7017 
2280 
4648 
5226 
1555 
7746 
4768 
5544 
3198 
6857 
1317 
2775 
2280 
2258 
3211 
275 
5319 
5863 
3211 
1237 
275 
1932 
6475 
3762 
5544 
3762 
1182 
6003 
1415 
3006 
2280 
5319 
3480 
3726 
0 
2002 
4648 
5829 
5670 
5170 
4648 
4220 
7183 
5766 
7638 
1384 
1850 
3726 
3762 
6475 
1237 
6112 
0 
3006 
6112 
5427 
3720 
2435 
462 
7638 
1415 
1317 
1629 
3658 
3198 
5922 
275 
5925 
5544 
3211 
5829 
7017 
6003 
5319 
2280 
5922 
3211 
1881 
6003 
1518 
3720 
5925 
7638 
1002 
4994 
4648 
3762 
275 
6965 
1917 
7183 
1317 
6640 
6003 
7115 
6112 
7638 
5544 
3762 
5427 
6475 
406 
7462 
5300 
7017 
6003 
7086 
2003 
1932 
2775 
3211 
5544 
7462 
4754 
5829 
1555 
7017 
5319 
6475 
5226 
6003 
5544 
5766 
462 
6640 
6965 
4754 
2003 
5766 
7183 
5544 
6965 
136 
4935 
6640 
3211 
6965 
256 
2718 
5226 
5223 
7017 
1237 
4308 
6877 
5226 
1182 
3605 
2280 
6965 
6640 
5766 
462 
1002 
5427 
3726 
5355 
6965 
2280 
5226 
1237 
7638 
1002 
7086 
3726 
5170 
3480 
4754 
5355 
7462 
7253 
7746 
3726 
5670 
1382 
5670 
5319 
3720 
5226 
3205 
5226 
7746 
4220 
5432 
5355 
2646 
3211 
1881 
4817 
1533 
1317 
4648 
3480 
457 
1881 
5766 
7462 
4648 
3211 
1397 
5319 
2280 
2646 
2280 
1317 
2944 
3762 
7462 
5300 
4308 
5925 
5544 
6003 
6965 
4754 
3198 
275 
5925 
1850 
5544 
7229 
2944 
6965 
406 
6965 
457 
5766 
5300 
5226 
7434 
1881 
2646 
1518 
456 
7086 
5544 
275 
2944 
3480 
3211 
7638 
3605 
5670 
1932 
6965 
3658 
462 
5544 
4648 
275 
2258 
4817 
2003 
7638 
2003 
2646 
1555 
6112 
6640 
5355 
6003 
4648 
136 
462 
1881 
256 
275 
828 
6877 
1629 
3726 
7598 
6268 
3762 
6112 
1881 
579 
6112 
5766 
1518 
1555 
5355 
1182 
1182 
4935 
6003 
7638 
7017 
5170 
7746 
2258 
5300 
457 
3658 
3480 
5925 
1881 
2002 
4226 
7183 
3605 
3720 
5300 
4817 
5766 
136 
6268 
3006 
5355 
6112 
1182 
6112 
5829 
5300 
5300 
6112 
7017 
3211 
3726 
2646 
462 
2003 
4648 
6475 
5766 
2646 
3480 
7086 
5223 
136 
4648 
7017 
3198 
1182 
4754 
5319 
1533 
5319 
6965 
1182 
2280 
0 
3726 
3658 
4754 
6475 
5226 
1002 
4226 
5829 
3198 
4220 
4648 
5300 
4226 
136 
3211 
3480 
6003 
4308 
1881 
806 
7434 
7086 
7017 
6965 
3198 
1415 
2646 
3658 
3480 
0 
7434 
2742 
4308 
6640 
1317 
828 
5300 
2435 
1182 
5300 
1182 
5766 
828 
5300 
806 
462 
2646 
5319 
2280 
6112 
2154 
7316 
7115 
6112 
3658 
6003 
1182 
4817 
4220 
0 
3658 
256 
5829 
806 
579 
462 
5170 
2435 
4226 
5544 
3211 
6112 
6003 
1317 
5223 
6877 
5544 
0 
256 
6003 
2280 
7746 
2003 
4226 
1533 
5544 
0 
462 
1317 
1182 
4935 
5670 
5544 
3605 
6003 
6857 
1917 
5319 
4308 
3658 
3205 
5863 
4648 
2280 
5863 
136 
806 
579 
3198 
2775 
6268 
1182 
6965 
1317 
1932 
7017 
6475 
3720 
1533 
7598 
2435 
806 
136 
5829 
6112 
4648 
2280 
2718 
4754 
5427 
5544 
3726 
2002 
3198 
0 
1182 
5319 
462 
5319 
3605 
5766 
1518 
799 
6112 
5319 
5319 
1533 
5013 
275 
1182 
4308 
2646 
3658 
1317 
2742 
5925 
1002 
828 
3480 
1317 
4648 
406 
406 
275 
4935 
1850 
136 
4754 
0 
3198 
1518 
2280 
3762 
1182 
5319 
406 
2646 
1881 
4308 
4648 
7638 
6965 
6965 
5925 
3480 
579 
3211 
1002 
1415 
6112 
6640 
1555 
6112 
275 
5300 
5670 
2003 
7183 
1881 
5226 
5544 
4817 
4935 
1317 
5670 
4226 
6268 
2646 
4754 
1932 
462 
3720 
6877 
7253 
7017 
136 
1881 
4817 
5544 
3658 
1397 
7746 
275 
806 
7638 
3762 
4768 
5822 
5319 
3198 
5766 
456 
6965 
6112 
5226 
7611 
3605 
7316 
7316 
6112 
7017 
3198 
5319 
2280 
1002 
5300 
4308 
3480 
5223 
136 
6965 
3480 
6112 
4308 
3211 
5319 
5226 
1182 
4226 
0 
2718 
1317 
1317 
3605 
5432 
1850 
6475 
3480 
4768 
2646 
456 
0 
5432 
6475 
3726 
1002 
4798 
136 
7746 
5544 
1533 
4994 
256 
1182 
3211 
3006 
5925 
1932 
1415 
5863 
2485 
4226 
5300 
6003 
1182 
579 
7183 
2003 
7086 
3658 
2485 
1932 
6965 
7017 
3198 
806 
1182 
0 
6112 
5670 
6475 
4308 
3762 
7086 
1932 
7598 
3762 
1850 
7316 
4308 
456 
5766 
1881 
5670 
457 
3205 
4308 
6857 
7229 
5432 
2435 
2775 
6965 
4754 
6112 
6877 
5925 
5170 
1182 
1317 
5544 
2944 
5544 
7229 
1932 
6965 
7598 
1382 
4935 
7434 
1317 
5319 
4648 
6857 
462 
406 
5226 
5013 
5863 
1850 
1384 
2718 
7462 
2646 
806 
5925 
5432 
5829 
4754 
2003 
4817 
6965 
4798 
1881 
4768 
3658 
275 
3480 
1002 
5670 
3198 
462 
6965 
5319 
1629 
7462 
5670 
4798 
3211 
6965 
7316 
5863 
2775 
5925 
7638 
462 
6965 
3658 
4817 
5432 
1182 
5925 
3198 
7746 
7017 
4226 
4195 
5925 
3480 
136 
2775 
5766 
1415 
136 
2280 
1415 
1002 
5319 
6112 
3198 
5670 
1533 
256 
7017 
5544 
3198 
6475 
0 
5670 
1533 
7017 
5766 
3605 
2742 
7086 
1182 
6475 
7598 
6003 
3480 
4768 
3006 
1555 
1850 
6640 
7462 
1850 
4220 
3480 
1629 
3658 
2775 
579 
5670 
3006 
1917 
406 
1555 
3605 
7017 
6965 
4308 
5355 
2944 
3605 
5766 
2742 
579 
0 
7638 
7229 
406 
5829 
4817 
2280 
1555 
1555 
7746 
4648 
5223 
2718 
2775 
1533 
5766 
4308 
3211 
1850 
7017 
828 
3762 
7462 
5544 
6965 
7086 
3211 
5822 
7017 
5766 
1932 
1415 
1881 
3720 
5300 
1917 
6640 
6003 
1415 
5544 
4308 
256 
1932 
7746 
5766 
3605 
3006 
5223 
3006 
5300 
3726 
2280 
5226 
1002 
6640 
1237 
6965 
2718 
275 
3658 
4754 
406 
3726 
1182 
3480 
4768 
7086 
456 
3762 
6112 
2003 
7638 
2280 
1881 
3198 
1932 
3726 
1881 
4935 
3480 
6965 
5670 
6857 
5427 
3605 
7017 
256 
5170 
5766 
6965 
4935 
6112 
5766 
7638 
579 
5670 
579 
7017 
1317 
4226 
5925 
2485 
2646 
1518 
462 
0 
5922 
1002 
7017 
5226 
5670 
3211 
5544 
4798 
7229 
1932 
3605 
1850 
1182 
457 
7462 
4195 
3726 
7086 
6003 
1397 
3211 
1182 
6003 
5670 
4935 
4308 
2280 
5226 
7462 
2280 
6003 
2742 
3762 
2003 
2003 
5766 
1002 
1555 
5427 
1881 
7017 
6268 
1533 
3658 
2718 
5670 
1382 
7017 
2485 
3762 